D = [-0.0006560733714920797, -0.008869044678391242, -0.00045369797125583, -0.0007813617236375461, 0.0]
K = [671.2999618833786, 0.0, 948.9206651451016, 0.0, 671.6141366525541, 517.2415788226317, 0.0, 0.0, 1.0]
R = [1.0, 0.0, 0.0, 0.0, 1.0, 0.0, 0.0, 0.0, 1.0]
P = [639.8998413085938, 0.0, 941.9176169639468, 0.0, 0.0, 668.6571044921875, 516.266106141069, 0.0, 0.0, 0.0, 1.0, 0.0]
None
# oST version 5.0 parameters


[image]

width
1920

height
1080

[narrow_stereo]

camera matrix
671.299962 0.000000 948.920665
0.000000 671.614137 517.241579
0.000000 0.000000 1.000000

distortion
-0.000656 -0.008869 -0.000454 -0.000781 0.000000

rectification
1.000000 0.000000 0.000000
0.000000 1.000000 0.000000
0.000000 0.000000 1.000000

projection
639.899841 0.000000 941.917617 0.000000
0.000000 668.657104 516.266106 0.000000
0.000000 0.000000 1.000000 0.000000
